seisic_lat,seismic_lon,seismic_dis(cm),tsunami_lat,tsunami_lon,tsunami_h(m),distance(km)
 35.2269,139.6629,   14.98, 35.2778,139.8520,    2.84,   18.1
 38.6750,141.4498,   20.54, 38.6771,141.4537,   14.25,    0.4
 40.5278,141.5217,    8.86, 40.5227,141.5427,    3.56,    1.9
 35.7747,140.3823,   15.41, 35.6230,140.5510,    6.46,   22.8
 39.2731,141.8892,   21.37, 39.2772,141.8914,    9.88,    0.5
 38.5401,141.1272,   21.98, 38.4463,141.1968,    1.15,   12.1
 36.1586,140.5166,   14.12, 36.1580,140.5792,    7.11,    5.6
 35.0353,139.8874,   13.53, 34.9863,139.9713,    1.60,    9.4
 36.3816,140.4680,   18.12, 36.3129,140.5702,    4.32,   11.9
 40.4083,141.7185,    8.25, 40.4086,141.7197,    6.41,    0.1
 38.1349,140.9312,   23.66, 38.1608,140.9050,    2.15,    3.7
 39.5767,141.8197,   23.00, 39.5713,141.9404,    6.02,   10.4
 37.1048,140.7983,    9.93, 37.0520,140.9631,    2.62,   15.8
 38.5741,140.9561,   26.68, 38.3735,141.0665,    1.11,   24.3
 38.2622,140.8968,   20.59, 38.2329,140.9452,    2.48,    5.3
 37.3695,140.8712,   11.50, 37.3136,141.0129,   12.33,   14.0
 40.5313,141.3079,   10.77, 40.5925,141.4350,    5.14,   12.7
 40.3762,141.5117,   11.65, 40.4698,141.6473,    9.78,   15.5
 36.5427,140.4109,   20.95, 36.4803,140.6113,    5.77,   19.3
 38.0547,140.7626,   24.19, 38.0466,140.8657,    1.73,    9.1
 39.4647,141.9527,   20.84, 39.4706,141.9524,    8.49,    0.7
 36.6140,140.5653,   22.32, 36.5712,140.6520,    4.76,    9.1
 38.3853,141.0691,   20.45, 38.3735,141.0665,    1.11,    1.3
 35.5607,140.3681,   20.08, 35.5386,140.4555,    2.50,    8.3
 38.8806,141.5743,   12.99, 38.8833,141.5773,    6.27,    0.4
 37.6413,140.9558,   12.90, 37.6573,141.0167,   11.50,    5.7
 37.8692,140.7896,   22.43, 37.8887,140.9071,    6.91,   10.6
 38.4574,141.3457,   27.01, 38.4340,141.3532,    1.95,    2.7
 36.9479,140.9033,   16.52, 36.9442,140.9016,    4.25,    0.4
 39.6442,141.9693,   20.95, 39.6430,141.9665,    8.49,    0.3
 39.0833,141.6649,   13.83, 39.0932,141.7024,    7.47,    3.4
 38.7103,141.2357,   20.78, 38.6928,141.4294,   15.90,   17.0
 39.9416,141.8603,   16.79, 39.9355,141.9342,   15.11,    6.4
 38.3679,140.6602,   23.05, 38.2519,140.9580,    3.10,   29.1
 35.9663,140.6460,   15.92, 36.0088,140.6489,    5.54,    4.7
 38.4277,141.2994,   23.92, 38.4206,141.2984,    7.09,    0.8
 40.1894,141.7754,   12.27, 40.1877,141.7766,    4.37,    0.2
 39.0624,141.7182,   14.54, 39.0654,141.7197,   10.74,    0.4
 39.0179,141.3962,   13.68, 39.0625,141.5887,   11.08,   17.4
 41.2834,141.2114,    6.46, 41.3504,141.2921,    6.00,   10.1
