seisic_lat,seismic_lon,seismic_dis(1-3s,3-9s,9-27s,27-81s,cm),tsunami_lat,tsunami_lon,tsunami_h(m),distance(km)
 38.4574,141.3457,  2.2490,  6.7230, 28.3360, 29.2670, 38.4340,141.3532,    1.95,    2.7
 38.6750,141.4498,  1.4510,  4.1890, 27.3020, 26.4310, 38.6771,141.4537,   14.25,    0.4
 38.4277,141.2994,  3.7950,  6.6800, 27.3770, 26.5530, 38.4206,141.2984,    7.09,    0.8
 38.8806,141.5743,  1.6650,  4.0370, 15.2300, 21.6170, 38.8833,141.5773,    6.27,    0.4
 39.0624,141.7182,  0.8680,  4.0520, 15.8290, 15.4620, 39.0654,141.7197,   10.74,    0.4
 39.0833,141.6649,  0.9890,  4.4000, 14.7140, 14.2800, 39.0932,141.7024,    7.47,    3.4
 39.2731,141.8892,  1.3930,  4.9080, 25.7090, 26.4870, 39.2772,141.8914,    9.88,    0.5
 38.7103,141.2357,  2.0520,  5.7090, 23.1250, 16.2530, 38.6928,141.4294,   15.90,   17.0
 38.5401,141.1272,  2.7500,  4.9200, 22.5630, 15.4790, 38.4463,141.1968,    1.15,   12.1
 38.3853,141.0691,  3.2920,  6.8190, 22.2340, 24.2340, 38.3735,141.0665,    1.11,    1.3
 39.0179,141.3962,  0.9200,  3.4700, 14.6570, 11.2050, 39.0625,141.5887,   11.08,   17.4
 38.1349,140.9312,  2.5170,  7.2040, 25.4590, 14.4320, 38.1608,140.9050,    2.15,    3.7
 39.4647,141.9527,  1.2980,  5.7440, 26.6270, 11.5230, 39.4706,141.9524,    8.49,    0.7
 38.2622,140.8968,  2.0060,  7.7640, 22.7630, 14.3420, 38.2329,140.9452,    2.48,    5.3
 38.5741,140.9561,  6.8870,  9.3090, 23.4520, 14.1620, 38.3735,141.0665,    1.11,   24.3
 37.6413,140.9558,  1.2180,  4.5460, 17.2330, 10.1330, 37.6573,141.0167,   11.50,    5.7
 37.8692,140.7896,  1.2950,  5.4830, 27.6750, 13.1970, 37.8887,140.9071,    6.91,   10.6
 38.0547,140.7626,  1.5350,  6.4890, 27.8560, 16.1810, 38.0466,140.8657,    1.73,    9.1
 39.5767,141.8197,  1.6980,  6.5710, 27.6160, 11.7970, 39.5713,141.9404,    6.02,   10.4
 39.6442,141.9693,  2.0340,  6.3750, 24.1250, 11.3180, 39.6430,141.9665,    8.49,    0.3
 37.3695,140.8712,  1.5960,  4.0450, 12.0080,  9.0190, 37.3136,141.0129,   12.33,   14.0
 38.3679,140.6602,  2.3680,  7.3320, 28.9940, 20.6820, 38.2519,140.9580,    3.10,   29.1
 37.1048,140.7983,  1.4790,  2.9510, 11.3650, 14.9770, 37.0520,140.9631,    2.62,   15.8
 36.9479,140.9033,  1.6840,  4.4230, 17.0910, 20.8470, 36.9442,140.9016,    4.25,    0.4
 39.9416,141.8603,  1.2660,  5.2750, 16.9040, 12.2700, 39.9355,141.9342,   15.11,    6.4
 40.1894,141.7754,  1.4260,  4.0010, 11.8920, 12.9580, 40.1877,141.7766,    4.37,    0.2
 36.6140,140.5653,  1.3810,  3.4310, 27.8060, 22.7130, 36.5712,140.6520,    4.76,    9.1
 40.4083,141.7185,  0.8050,  2.9860, 10.2160, 13.8250, 40.4086,141.7197,    6.41,    0.1
 36.5427,140.4109,  3.4350,  4.2440, 25.6950, 21.3950, 36.4803,140.6113,    5.77,   19.3
 40.3762,141.5117,  0.7910,  2.5490, 13.5310, 15.2550, 40.4698,141.6473,    9.78,   15.5
 36.3816,140.4680,  2.3790,  3.8730, 21.8000, 19.0450, 36.3129,140.5702,    4.32,   11.9
 40.5278,141.5217,  0.5560,  1.9490, 10.2680, 14.9390, 40.5227,141.5427,    3.56,    1.9
 36.1586,140.5166,  1.4920,  3.1610, 17.6030, 20.9280, 36.1580,140.5792,    7.11,    5.6
 40.5313,141.3079,  2.5160,  4.9980, 12.6160, 17.5330, 40.5925,141.4350,    5.14,   12.7
 35.9663,140.6460,  2.8570,  8.4870, 17.8600, 18.4340, 36.0088,140.6489,    5.54,    4.7
 35.7747,140.3823,  1.9200,  4.9470, 17.6200, 21.3160, 35.6230,140.5510,    6.46,   22.8
 35.5607,140.3681,  1.5460,  5.7610, 23.1110, 24.9750, 35.5386,140.4555,    2.50,    8.3
 41.2834,141.2114,  1.5240,  2.1600,  5.9520, 10.4070, 41.3504,141.2921,    6.00,   10.1
 35.2269,139.6629,  1.5820,  4.9510, 16.7830, 18.5690, 35.2778,139.8520,    2.84,   18.1
 35.0353,139.8874,  3.5000,  4.2560, 13.8130, 14.6920, 34.9863,139.9713,    1.60,    9.4
 34.9371,139.8654,  1.2700,  4.4300, 15.0390, 13.3330, 34.9192,139.8253,    2.00,    4.2
 42.1625,142.7771,  0.7060,  2.6110,  9.5030,  8.6950, 42.1589,142.7871,    2.74,    0.9