lat,lon,st_lat,st_lon,1-3s,3-9s,9-27s,27-81s,tsunami_h(m),date
22.23,125.26,34.55,139.49,,,,,13,9805040830
22.23,125.26,34.55,139.49,,,,,ts,0006070616
22.23,125.26,34.47,139.23,,,,,11,9805040830
22.23,125.26,34.40,139.29,,,,,11,9805040830
22.23,125.26,33.16,134.10,,,,,5,9805040830
22.23,125.26,32.47,132.58,,,,,6,9805040830
22.23,125.26,31.35,131.25,,,,,5,9805040830
22.23,125.26,31.16,130.18,,,,,5,9805040830
22.23,125.26,28.19,129.32,,,,,4,9805040830
22.23,125.26,26.13,127.40,,,,,3,9805040830
22.23,125.26,24.27,122.57,,,,,2,9805040830