lat,lon,st_lat,st_lon,1-3s,3-9s,9-27s,tsunami_h(cm),date
37.35,141.60,43.17,145.34,,,,12,1611220559
37.35,141.60,42.59,144.22,,,,15,1611220559
37.35,141.60,41.47,140.43,,,,16,1611220559
37.35,141.60,41.22,141.14,,,,18,1611220559
37.35,141.60,39.39,141.58,,,,35,1611220559
37.35,141.60,39.10,141.45,,,,33,1611220559
37.35,141.60,38.18,141.30,,,,73,1611220559
37.35,141.60,36.56,140.54,,,,60,1611220559
37.35,141.60,36.18,140.34,,,,49,1611220559
37.35,141.60,35.45,140.51,,,,12,1611220559
37.35,141.60,35.80,140.15,,,,30,1611220559
37.35,141.60,34.55,139.49,,,,27,1611220559
37.35,141.60,34.47,139.23,,,,12,1611220559
37.35,141.60,34.30,139.33,,,,10,1611220559
37.35,141.60,27.60,142.12,,,,11,1611220559
37.35,141.60,34.37,138.51,,,,7,1611220559
37.35,141.60,34.36,138.13,,,,10,1611220559
37.35,141.60,34.36,137.11,,,,11,1611220559
37.35,141.60,34.50,136.12,,,,7,1611220559
37.35,141.60,33.56,136.10,,,,6,1611220559
37.35,141.60,33.33,135.54,,,,10,1611220559
37.35,141.60,33.29,135.46,,,,10,1611220559