lat,lon,st_lat,st_lon,1-3s,3-9s,9-27s,tsunami_h(cm),date
37.35,141.60,39.39,141.58,0.03612063839827154,0.09280670840519005,0.07384593206555558,35,1611220559
37.35,141.60,39.10,141.45,0.04679544964534821,0.14649930072071496,0.08172968771434454,33,1611220559
37.35,141.60,38.18,141.30,0.07910561444729565,0.19678967736436997,0.11158307912036482,73,1611220559
37.35,141.60,36.56,140.54,0.058707085024040206,0.23010098352607766,0.059340849065108496,60,1611220559
37.35,141.60,36.18,140.34,0.21963702744202385,0.13787085723059825,0.042975176690501285,49,1611220559
37.35,141.60,35.45,140.51,0.2772529695214653,0.29100381617718,0.12581897187879798,12,1611220559
37.35,141.60,35.80,140.15,0.13833160808295109,0.10996611086899105,0.1372307016741844,30,1611220559
37.35,141.60,34.55,139.49,0.14447168815450012,0.10220019464465052,0.016762608094816514,27,1611220559
37.35,141.60,34.47,139.23,0.01600235861103056,0.050201297340636275,0.10472283321810695,12,1611220559
37.35,141.60,34.30,139.33,0.01600235861103056,0.050201297340636275,0.10472283321810695,10,1611220559

37.35,141.60,39.39,141.58,0.03612063839827154,0.09280670840519005,0.07384593206555558,35,1611220559
37.35,141.60,39.10,141.45,0.04679544964534821,0.14649930072071496,0.08172968771434454,33,1611220559
37.35,141.60,38.18,141.30,0.07910561444729565,0.19678967736436997,0.11158307912036482,73,1611220559
37.35,141.60,36.56,140.54,0.058707085024040206,0.23010098352607766,0.059340849065108496,60,1611220559
37.35,141.60,36.18,140.34,0.21963702744202385,0.13787085723059825,0.042975176690501285,49,1611220559
37.35,141.60,34.47,139.23,0.01600235861103056,0.050201297340636275,0.10472283321810695,12,1611220559
37.35,141.60,34.30,139.33,0.01600235861103056,0.050201297340636275,0.10472283321810695,10,1611220559