
41.781    144.074    42.1287    143.3153    73.81272577291192    1.06712   4.69128    20.0845   255.0   200309260450.0
41.781    144.074    42.2864    143.312    84.45599650322418    1.21342   10.30293    27.87718   255.0   200309260450.0
41.781    144.074    42.1306    142.9353    102.08134774593307    2.76158   8.80468    15.59907   132.0   200309260450.0
41.781    144.074    42.4984    143.2787    103.3077920976945    7.41476   18.76544    32.25719   255.0   200309260450.0
41.781    144.074    42.1678    142.7673    116.51469431976898    4.49955   7.21923    13.30807   132.0   200309260450.0
41.781    144.074    42.9581    144.0697    130.75329460186288    2.0708   3.40644    7.76318   122.0   200309260450.0 !!!!!!!!!!!!!!!!!
41.781    144.074    42.2528    142.5643    135.58359147535694    4.92929   11.4596    14.37435   132.0   200309260450.0
41.781    144.074    42.9845    144.3824    136.076760368521    1.0507   2.06008    4.61345   122.0   200309260450.0 !!!!!!!!!!!!!!!!!釧路平野
41.781    144.074    43.1141    144.123    148.1382467739025    3.03112   6.95974    8.90605   122.0   200309260450.0 !!!!!!!!!!!!!!!!!釧路平野
41.781    144.074    43.0509    144.8498    154.84203409890796    1.10005   1.61826    5.71694   115.0   200309260450.0 !!!!!!!!!!!!!!!!!厚岸湾
41.781    144.074    43.1486    144.4976    155.8598165932435    3.87781   4.18791    5.54317   122.0   200309260450.0 !!!!!!!!!!!!!!!!!厚岸湾、釧路平野
41.781    144.074    43.233    144.3248    162.6045659109023    3.41635   11.94422    7.46597   122.0   200309260450.0 !!!!!!!!!!!!!!!!!厚岸湾
41.781    144.074    43.0767    145.1296    168.11120281657625    0.93037   2.51548    5.97971   115.0   200309260450.0 !!!!!!!!!!!!!!!!!厚岸湾
41.781    144.074    42.5886    142.131    183.8786168813036    1.45996   9.45863    26.38547   109.0   200309260450.0
41.781    144.074    42.4825    142.0543    184.2728810513768    3.3877   8.76714    29.01932   109.0   200309260450.0
41.781    144.074    43.2326    145.2604    188.4390441590364    0.49714   1.96901    4.41079   89.0   200309260450.0
41.781    144.074    43.1948    145.5209    197.01528317130573    1.0656   2.27903    4.48694   89.0   200309260450.0
41.781    144.074    43.3327    145.6003    213.12654466844378    0.45962   1.61879    3.33034   19.0   200309260450.0
41.781    144.074    42.7655    141.8221    215.56879407328861    1.75795   7.35192    19.82489   109.0   200309260450.0
41.781    144.074    42.6344    141.6057    224.7980294938777    2.29495   12.48499    17.84659   96.0   200309260450.0
41.781    144.074    43.368    145.8026    226.31820243534574    0.28305   1.63214    3.47526   19.0   200309260450.0
41.781    144.074    43.8244    144.1087    227.0167907895638    1.36293   4.19442    6.9417   7.0   200309260450.0
41.781    144.074    41.2256    141.3958    231.960308726126    0.43757   0.77064    4.27664   50.0   200309260450.0
41.781    144.074    42.79    141.601    232.73586091547654    3.04701   6.60471    15.9007   96.0   200309260450.0
41.781    144.074    43.8565    144.4629    232.74886240684376    1.80294   3.34651    3.81267   7.0   200309260450.0
41.781    144.074    42.5627    141.3499    241.2523179123734    1.95548   7.80375    12.47779   96.0   200309260450.0
41.781    144.074    41.8345    141.1411    243.7954611931627    0.65165   1.34386    7.99794   43.0   200309260450.0
41.781    144.074    42.7755    141.4021    246.53628461562204    0.60164   3.28683    12.95976   96.0   200309260450.0
41.781    144.074    40.4099    141.7191    249.65555514706526    0.10052   0.47156    2.44786   97.0   200309260450.0 !!!!!!!!!!!!!!!!!
41.781    144.074    41.7162    141.0025    255.5766530063183    0.36573   1.33533    7.1394   43.0   200309260450.0
41.781    144.074    40.6803    141.3669    257.79235074342307    0.81322   1.24858    3.19972   97.0   200309260450.0 !!!!!!!!!!!!!!!!!
41.781    144.074    40.5138    141.4805    259.241728752085    0.13927   0.65153    2.99293   97.0   200309260450.0 !!!!!!!!!!!!!!!!!
41.781    144.074    43.1721    141.3046    275.2056542994911    2.54861   6.32163    8.61193   14.0   200309260450.0
41.781    144.074    43.0846    140.82    304.40958390900505    0.38373   1.75353    9.17117   14.0   200309260450.0

33.031    136.797    33.5947    135.946    100.93962779003665    0.18766   0.74801    0.74037   25.0   200409051907.0 !!!!!!!!!!!!!!!!!太地町
33.031    136.797    33.8783    136.0822    115.09945259605605    0.21887   0.6216    0.8103   28.0   200409051907.0 !!!!!!!!!!!!!!!!!
33.031    136.797    34.7194    137.5314    199.22249342999135    0.09134   0.5145    0.71531   10.0   200409051907.0
33.031    136.797    34.7102    137.7197    204.89048717303592    0.10421   0.41491    0.77804   10.0   200409051907.0
33.031    136.797    34.7402    138.2241    231.02260173456725    0.12264   0.61446    0.96545   15.0   200409051907.0

33.146    137.139    33.5947    135.946    121.66520905585882    0.23588   1.05699    0.71158   58.0   200409052357.0
33.146    137.139    34.2544    136.8232    126.37837207588757    0.24841   1.02183    2.53341   36.0   200409052357.0
33.146    137.139    33.8783    136.0822    127.42712007248024    0.24806   1.35331    1.15499   55.0   200409052357.0
33.146    137.139    34.0638    136.1687    135.91370195821554    0.29146   1.03728    1.63403   55.0   200409052357.0
33.146    137.139    33.7053    135.6397    152.6138738064153    0.18697   1.26738    0.94609   20.0   200409052357.0
33.146    137.139    34.4908    136.7334    153.81797274488943    0.52927   1.21924    2.42779   36.0   200409052357.0
33.146    137.139    34.5788    136.5276    168.69562109134392    0.32708   0.9731    2.43032   36.0   200409052357.0
33.146    137.139    34.7194    137.5314    178.25451165932978    0.18865   1.17527    1.79569   22.0   200409052357.0
33.146    137.139    34.7549    137.4047    180.14376217094372    0.32268   1.32855    1.90682   22.0   200409052357.0
33.146    137.139    34.7102    137.7197    181.62089174788497    0.20813   1.07708    2.03442   22.0   200409052357.0
33.146    137.139    34.6374    138.1281    189.04253771139463    0.33914   2.36207    2.98018   38.0   200409052357.0
33.146    137.139    34.7699    137.9981    196.85195275094864    0.1902   1.2346    2.0249   38.0   200409052357.0
33.146    137.139    34.7402    138.2241    203.3025952128652    0.2093   1.85457    2.26035   38.0   200409052357.0
33.146    137.139    34.5577    135.6058    211.3094510857639    0.76277   0.62169    0.97334   5.0   200409052357.0
33.146    137.139    34.4438    135.3874    216.8719977157556    0.9091   0.54031    0.95647   6.0   200409052357.0
33.146    137.139    34.7154    135.7272    217.58450151488975    0.23847   0.62249    1.08691   5.0   200409052357.0
33.146    137.139    34.8566    138.3113    218.476204062792    0.12496   0.8682    1.74458   7.0   200409052357.0
33.146    137.139    34.3755    135.2549    221.5062876005466    0.42523   0.67916    0.90615   6.0   200409052357.0
33.146    137.139    34.7405    135.6394    224.72166029755977    0.5986   0.80771    0.92451   5.0   200409052357.0
33.146    137.139    34.7255    135.5099    231.0424847340871    0.4285   0.80995    1.02262   5.0   200409052357.0
33.146    137.139    34.7668    135.4683    236.99975115453188    0.45414   0.7697    0.97381   5.0   200409052357.0
33.146    137.139    34.8573    135.5958    237.3965448468382    0.24495   0.6664    1.06888   5.0   200409052357.0
33.146    137.139    34.7463    135.3499    242.61642036963232    0.38655   0.82359    1.02244   5.0   200409052357.0
33.146    137.139    34.533    134.9904    251.43162339193483    0.21889   0.66203    0.82102   3.0   200409052357.0
33.146    137.139    35.1271    138.6213    258.8136632897578    0.17675   1.5653    1.22429   7.0   200409052357.0

38.018    143.867    38.9015    141.5684    223.31285112256018    0.17473   0.27284    1.09547   21.0   201212071718.0
38.018    143.867    39.2701    141.8561    223.53431877321518    0.14364   0.29288    1.02621   21.0   201212071718.0
38.018    143.867    38.4292    141.2818    230.92900003444453    0.31719   0.42854    1.22333   98.0   201212071718.0
38.018    143.867    37.6385    140.9849    257.2037470084325    0.1537   0.329    0.7152   31.0   201212071718.0
38.018    143.867    37.7949    140.9196    260.38607047987136    0.18599   0.35053    0.81418   31.0   201212071718.0
38.018    143.867    38.1049    140.8699    263.1996629932252    0.37079   0.38744    1.08456   31.0   201212071718.0
38.018    143.867    38.4466    140.8874    265.1804327184495    0.31475   0.3799    1.25244   31.0   201212071718.0
38.018    143.867    37.9763    140.7818    271.03072070192366    0.18259   0.32609    0.94585   31.0   201212071718.0
38.018    143.867    40.0083    141.8861    279.7427318381886    0.08645   0.17754    0.55608   23.0   201212071718.0
38.018    143.867    40.6803    141.3669    365.79652253767347    0.5201   0.30117    0.48144   11.0   201212071718.0

37.353    141.603    37.6385    140.9849    63.1794528507732    0.34053   1.58022    2.40418   83.0   201611220559.0
37.353    141.603    37.0911    140.9035    68.54948762024021    0.61113   2.20456    1.60821   60.0   201611220559.0
37.353    141.603    37.7949    140.9196    77.78214922322826    0.38947   1.85062    2.07921   83.0   201611220559.0
37.353    141.603    37.6799    140.7346    84.91334837440765    0.14161   1.85835    2.27932   83.0   201611220559.0
37.353    141.603    36.9069    140.7929    87.36686505952171    0.6877   1.31473    1.33104   60.0   201611220559.0
37.353    141.603    37.9763    140.7818    100.17811236819844    0.18302   1.21029    1.76957   83.0   201611220559.0
37.353    141.603    38.1049    140.8699    105.5518299991749    0.26281   0.87585    1.37441   144.0   201611220559.0 !!!!!!!!!!!!!!!!!仙台平野
37.353    141.603    38.2663    140.9293    117.45353376872193    0.1725   0.85607    0.9719   144.0   201611220559.0 !!!!!!!!!!!!!!!!!
37.353    141.603    38.4292    141.2818    122.74804975888922    0.1877   0.66338    0.97223   66.0   201611220559.0
37.353    141.603    38.4466    140.8874    136.7305015350543    0.3194   0.74824    0.89935   144.0   201611220559.0 !!!!!!!!!!!!!!!!!
37.353    141.603    36.369    140.4528    149.815105289268    0.61308   0.72833    0.63411   49.0   201611220559.0
37.353    141.603    36.1587    140.4892    165.70248742024492    0.42755   0.5739    0.44297   49.0   201611220559.0
37.353    141.603    36.1954    140.2713    175.03337308179704    0.20548   0.50185    0.53703   49.0   201611220559.0
37.353    141.603    35.977    140.6322    175.63822013833467    0.68649   1.53897    0.84138   26.0   201611220559.0
37.353    141.603    35.9007    140.4905    189.40726552659808    0.72147   0.87646    0.66019   26.0   201611220559.0
37.353    141.603    35.7077    140.568    204.75822577440968    0.69121   0.96076    0.74383   12.0   201611220559.0
37.353    141.603    35.3872    140.237    250.22159130719766    0.31952   1.56708    0.87744   30.0   201611220559.0
37.353    141.603    35.2999    140.3867    252.64672428012733    0.30302   1.00471    0.59631   30.0   201611220559.0
37.353    141.603    35.1155    140.1022    282.5696789283252    0.17254   0.41917    1.00184   30.0   201611220559.0
37.353    141.603    35.2727    139.6579    289.48399009449184    0.1451   0.58418    0.43388   10.0   201611220559.0
37.353    141.603    35.1105    139.8351    295.26016223242885    0.1904   0.72167    0.97562   10.0   201611220559.0
37.353    141.603    35.0966    139.3778    320.4891751968934    0.55175   0.86821    0.5856   10.0   201611220559.0
37.353    141.603    34.8931    139.5711    328.5770896799585    0.28122   0.63343    0.34233   12.0   201611220559.0
37.353    141.603    34.7396    139.8393    330.6783585539859    0.26967   0.51294    0.37776   27.0   201611220559.0
37.353    141.603    34.9413    139.4213    331.9098771880487    0.44711   0.88725    0.47827   12.0   201611220559.0
37.353    141.603    34.7983    139.6435    333.9314576100229    0.36082   0.49419    0.30326   27.0   201611220559.0